,ts,prices,market_caps,total_volumes
2014-01-01,1388534400000,767.74,9358693020.0,23448600.0
2014-01-02,1388620800000,772.53,9417082760.0,16837800.0
2014-01-01,1388534400000,767.74,9358693020.0,23448600.0
2014-01-02,1388620800000,772.53,9417082760.0,16837800.0
2014-01-02,1388620800000,772.53,9417082760.0,16837800.0
2014-01-03,1388707200000,825.47,10062417390.0,54171500.0
2014-01-01,1388534400000,767.74,9358693020.0,23448600.0
2014-01-02,1388620800000,772.53,9417082760.0,16837800.0
2014-01-02,1388620800000,772.53,9417082760.0,16837800.0
2014-01-03,1388707200000,825.47,10062417390.0,54171500.0
2014-01-03,1388707200000,825.47,10062417390.0,54171500.0
2014-01-04,1388793600000,849.14,10350952914.0,36344700.0
2014-01-01,1388534400000,767.74,9358693020.0,23448600.0
2014-01-02,1388620800000,772.53,9417082760.0,16837800.0
2014-01-02,1388620800000,772.53,9417082760.0,16837800.0
2014-01-03,1388707200000,825.47,10062417390.0,54171500.0
2014-01-03,1388707200000,825.47,10062417390.0,54171500.0
2014-01-04,1388793600000,849.14,10350952914.0,36344700.0
2014-01-04,1388793600000,849.14,10350952914.0,36344700.0
2014-01-05,1388880000000,919.41,11207538944.0,62414600.0
2014-01-01,1388534400000,767.74,9358693020.0,23448600.0
2014-01-02,1388620800000,772.53,9417082760.0,16837800.0
2014-01-02,1388620800000,772.53,9417082760.0,16837800.0
2014-01-03,1388707200000,825.47,10062417390.0,54171500.0
2014-01-03,1388707200000,825.47,10062417390.0,54171500.0
2014-01-04,1388793600000,849.14,10350952914.0,36344700.0
2014-01-04,1388793600000,849.14,10350952914.0,36344700.0
2014-01-05,1388880000000,919.41,11207538944.0,62414600.0
2014-01-05,1388880000000,919.41,11207538944.0,62414600.0
2014-01-06,1388966400000,936.38,11414401972.0,88584600.0
2014-01-01,1388534400000,767.74,9358693020.0,23448600.0
2014-01-02,1388620800000,772.53,9417082760.0,16837800.0
2014-01-02,1388620800000,772.53,9417082760.0,16837800.0
2014-01-03,1388707200000,825.47,10062417390.0,54171500.0
2014-01-03,1388707200000,825.47,10062417390.0,54171500.0
2014-01-04,1388793600000,849.14,10350952914.0,36344700.0
2014-01-04,1388793600000,849.14,10350952914.0,36344700.0
2014-01-05,1388880000000,919.41,11207538944.0,62414600.0
2014-01-05,1388880000000,919.41,11207538944.0,62414600.0
2014-01-06,1388966400000,936.38,11414401972.0,88584600.0
2014-01-06,1388966400000,936.38,11414401972.0,88584600.0
2014-01-07,1389052800000,826.5,10107681750.0,80268100.0
2014-01-01,1388534400000,767.74,9358693020.0,23448600.0
2014-01-02,1388620800000,772.53,9417082760.0,16837800.0
2014-01-02,1388620800000,772.53,9417082760.0,16837800.0
2014-01-03,1388707200000,825.47,10062417390.0,54171500.0
2014-01-03,1388707200000,825.47,10062417390.0,54171500.0
2014-01-04,1388793600000,849.14,10350952914.0,36344700.0
2014-01-04,1388793600000,849.14,10350952914.0,36344700.0
2014-01-05,1388880000000,919.41,11207538944.0,62414600.0
2014-01-05,1388880000000,919.41,11207538944.0,62414600.0
2014-01-06,1388966400000,936.38,11414401972.0,88584600.0
2014-01-06,1388966400000,936.38,11414401972.0,88584600.0
2014-01-07,1389052800000,826.5,10107681750.0,80268100.0
2014-01-07,1389052800000,826.5,10107681750.0,80268100.0
2014-01-08,1389139200000,838.32,10256342208.0,78060300.0
2014-01-01,1388534400000,767.74,9358693020.0,23448600.0
2014-01-02,1388620800000,772.53,9417082760.0,16837800.0
2014-01-02,1388620800000,772.53,9417082760.0,16837800.0
2014-01-03,1388707200000,825.47,10062417390.0,54171500.0
2014-01-03,1388707200000,825.47,10062417390.0,54171500.0
2014-01-04,1388793600000,849.14,10350952914.0,36344700.0
2014-01-04,1388793600000,849.14,10350952914.0,36344700.0
2014-01-05,1388880000000,919.41,11207538944.0,62414600.0
2014-01-05,1388880000000,919.41,11207538944.0,62414600.0
2014-01-06,1388966400000,936.38,11414401972.0,88584600.0
2014-01-06,1388966400000,936.38,11414401972.0,88584600.0
2014-01-07,1389052800000,826.5,10107681750.0,80268100.0
2014-01-07,1389052800000,826.5,10107681750.0,80268100.0
2014-01-08,1389139200000,838.32,10256342208.0,78060300.0
2014-01-08,1389139200000,838.32,10256342208.0,78060300.0
2014-01-09,1389225600000,853.29,10443906952.0,58813600.0
2014-01-01,1388534400000,767.74,9358693020.0,23448600.0
2014-01-02,1388620800000,772.53,9417082760.0,16837800.0
2014-01-02,1388620800000,772.53,9417082760.0,16837800.0
2014-01-03,1388707200000,825.47,10062417390.0,54171500.0
2014-01-03,1388707200000,825.47,10062417390.0,54171500.0
2014-01-04,1388793600000,849.14,10350952914.0,36344700.0
2014-01-04,1388793600000,849.14,10350952914.0,36344700.0
2014-01-05,1388880000000,919.41,11207538944.0,62414600.0
2014-01-05,1388880000000,919.41,11207538944.0,62414600.0
2014-01-06,1388966400000,936.38,11414401972.0,88584600.0
2014-01-06,1388966400000,936.38,11414401972.0,88584600.0
2014-01-07,1389052800000,826.5,10107681750.0,80268100.0
2014-01-07,1389052800000,826.5,10107681750.0,80268100.0
2014-01-08,1389139200000,838.32,10256342208.0,78060300.0
2014-01-08,1389139200000,838.32,10256342208.0,78060300.0
2014-01-09,1389225600000,853.29,10443906952.0,58813600.0
2014-01-09,1389225600000,853.29,10443906952.0,58813600.0
2014-01-10,1389312000000,863.3,10570439442.0,29763600.0
2014-01-01,1388534400000,767.74,9358693020.0,23448600.0
2014-01-02,1388620800000,772.53,9417082760.0,16837800.0
2014-01-02,1388620800000,772.53,9417082760.0,16837800.0
2014-01-03,1388707200000,825.47,10062417390.0,54171500.0
2014-01-03,1388707200000,825.47,10062417390.0,54171500.0
2014-01-04,1388793600000,849.14,10350952914.0,36344700.0
2014-01-04,1388793600000,849.14,10350952914.0,36344700.0
2014-01-05,1388880000000,919.41,11207538944.0,62414600.0
2014-01-05,1388880000000,919.41,11207538944.0,62414600.0
2014-01-06,1388966400000,936.38,11414401972.0,88584600.0
2014-01-06,1388966400000,936.38,11414401972.0,88584600.0
2014-01-07,1389052800000,826.5,10107681750.0,80268100.0
2014-01-07,1389052800000,826.5,10107681750.0,80268100.0
2014-01-08,1389139200000,838.32,10256342208.0,78060300.0
2014-01-08,1389139200000,838.32,10256342208.0,78060300.0
2014-01-09,1389225600000,853.29,10443906952.0,58813600.0
2014-01-09,1389225600000,853.29,10443906952.0,58813600.0
2014-01-10,1389312000000,863.3,10570439442.0,29763600.0
2014-01-10,1389312000000,863.3,10570439442.0,29763600.0
2014-01-11,1389398400000,905.72,11094594497.0,48299500.0
2014-01-01,1388534400000,767.74,9358693020.0,23448600.0
2014-01-02,1388620800000,772.53,9417082760.0,16837800.0
2014-01-02,1388620800000,772.53,9417082760.0,16837800.0
2014-01-03,1388707200000,825.47,10062417390.0,54171500.0
2014-01-03,1388707200000,825.47,10062417390.0,54171500.0
2014-01-04,1388793600000,849.14,10350952914.0,36344700.0
2014-01-04,1388793600000,849.14,10350952914.0,36344700.0
2014-01-05,1388880000000,919.41,11207538944.0,62414600.0
2014-01-05,1388880000000,919.41,11207538944.0,62414600.0
2014-01-06,1388966400000,936.38,11414401972.0,88584600.0
2014-01-06,1388966400000,936.38,11414401972.0,88584600.0
2014-01-07,1389052800000,826.5,10107681750.0,80268100.0
2014-01-07,1389052800000,826.5,10107681750.0,80268100.0
2014-01-08,1389139200000,838.32,10256342208.0,78060300.0
2014-01-08,1389139200000,838.32,10256342208.0,78060300.0
2014-01-09,1389225600000,853.29,10443906952.0,58813600.0
2014-01-09,1389225600000,853.29,10443906952.0,58813600.0
2014-01-10,1389312000000,863.3,10570439442.0,29763600.0
2014-01-10,1389312000000,863.3,10570439442.0,29763600.0
2014-01-11,1389398400000,905.72,11094594497.0,48299500.0
2014-01-11,1389398400000,905.72,11094594497.0,48299500.0
2014-01-12,1389484800000,867.45,10630187711.0,40171100.0
2014-01-01,1388534400000,767.74,9358693020.0,23448600.0
2014-01-02,1388620800000,772.53,9417082760.0,16837800.0
2014-01-02,1388620800000,772.53,9417082760.0,16837800.0
2014-01-03,1388707200000,825.47,10062417390.0,54171500.0
2014-01-03,1388707200000,825.47,10062417390.0,54171500.0
2014-01-04,1388793600000,849.14,10350952914.0,36344700.0
2014-01-04,1388793600000,849.14,10350952914.0,36344700.0
2014-01-05,1388880000000,919.41,11207538944.0,62414600.0
2014-01-05,1388880000000,919.41,11207538944.0,62414600.0
2014-01-06,1388966400000,936.38,11414401972.0,88584600.0
2014-01-06,1388966400000,936.38,11414401972.0,88584600.0
2014-01-07,1389052800000,826.5,10107681750.0,80268100.0
2014-01-07,1389052800000,826.5,10107681750.0,80268100.0
2014-01-08,1389139200000,838.32,10256342208.0,78060300.0
2014-01-08,1389139200000,838.32,10256342208.0,78060300.0
2014-01-09,1389225600000,853.29,10443906952.0,58813600.0
2014-01-09,1389225600000,853.29,10443906952.0,58813600.0
2014-01-10,1389312000000,863.3,10570439442.0,29763600.0
2014-01-10,1389312000000,863.3,10570439442.0,29763600.0
2014-01-11,1389398400000,905.72,11094594497.0,48299500.0
2014-01-11,1389398400000,905.72,11094594497.0,48299500.0
2014-01-12,1389484800000,867.45,10630187711.0,40171100.0
2014-01-12,1389484800000,867.45,10630187711.0,40171100.0
2014-01-13,1389571200000,840.96,10309307616.0,42950500.0
2014-01-01,1388534400000,767.74,9358693020.0,23448600.0
2014-01-02,1388620800000,772.53,9417082760.0,16837800.0
2014-01-02,1388620800000,772.53,9417082760.0,16837800.0
2014-01-03,1388707200000,825.47,10062417390.0,54171500.0
2014-01-03,1388707200000,825.47,10062417390.0,54171500.0
2014-01-04,1388793600000,849.14,10350952914.0,36344700.0
2014-01-04,1388793600000,849.14,10350952914.0,36344700.0
2014-01-05,1388880000000,919.41,11207538944.0,62414600.0
2014-01-05,1388880000000,919.41,11207538944.0,62414600.0
2014-01-06,1388966400000,936.38,11414401972.0,88584600.0
2014-01-06,1388966400000,936.38,11414401972.0,88584600.0
2014-01-07,1389052800000,826.5,10107681750.0,80268100.0
2014-01-07,1389052800000,826.5,10107681750.0,80268100.0
2014-01-08,1389139200000,838.32,10256342208.0,78060300.0
2014-01-08,1389139200000,838.32,10256342208.0,78060300.0
2014-01-09,1389225600000,853.29,10443906952.0,58813600.0
2014-01-09,1389225600000,853.29,10443906952.0,58813600.0
2014-01-10,1389312000000,863.3,10570439442.0,29763600.0
2014-01-10,1389312000000,863.3,10570439442.0,29763600.0
2014-01-11,1389398400000,905.72,11094594497.0,48299500.0
2014-01-11,1389398400000,905.72,11094594497.0,48299500.0
2014-01-12,1389484800000,867.45,10630187711.0,40171100.0
2014-01-12,1389484800000,867.45,10630187711.0,40171100.0
2014-01-13,1389571200000,840.96,10309307616.0,42950500.0
2014-01-13,1389571200000,840.96,10309307616.0,42950500.0
2014-01-14,1389657600000,838.05,10276902394.0,23469400.0
2014-01-01,1388534400000,767.74,9358693020.0,23448600.0
2014-01-02,1388620800000,772.53,9417082760.0,16837800.0
2014-01-02,1388620800000,772.53,9417082760.0,16837800.0
2014-01-03,1388707200000,825.47,10062417390.0,54171500.0
2014-01-03,1388707200000,825.47,10062417390.0,54171500.0
2014-01-04,1388793600000,849.14,10350952914.0,36344700.0
2014-01-04,1388793600000,849.14,10350952914.0,36344700.0
2014-01-05,1388880000000,919.41,11207538944.0,62414600.0
2014-01-05,1388880000000,919.41,11207538944.0,62414600.0
2014-01-06,1388966400000,936.38,11414401972.0,88584600.0
2014-01-06,1388966400000,936.38,11414401972.0,88584600.0
2014-01-07,1389052800000,826.5,10107681750.0,80268100.0
2014-01-07,1389052800000,826.5,10107681750.0,80268100.0
2014-01-08,1389139200000,838.32,10256342208.0,78060300.0
2014-01-08,1389139200000,838.32,10256342208.0,78060300.0
2014-01-09,1389225600000,853.29,10443906952.0,58813600.0
2014-01-09,1389225600000,853.29,10443906952.0,58813600.0
2014-01-10,1389312000000,863.3,10570439442.0,29763600.0
2014-01-10,1389312000000,863.3,10570439442.0,29763600.0
2014-01-11,1389398400000,905.72,11094594497.0,48299500.0
2014-01-11,1389398400000,905.72,11094594497.0,48299500.0
2014-01-12,1389484800000,867.45,10630187711.0,40171100.0
2014-01-12,1389484800000,867.45,10630187711.0,40171100.0
2014-01-13,1389571200000,840.96,10309307616.0,42950500.0
2014-01-13,1389571200000,840.96,10309307616.0,42950500.0
2014-01-14,1389657600000,838.05,10276902394.0,23469400.0
2014-01-14,1389657600000,838.05,10276902394.0,23469400.0
2014-01-15,1389744000000,860.44,10555404678.0,28600400.0
2014-01-01,1388534400000,767.74,9358693020.0,23448600.0
2014-01-02,1388620800000,772.53,9417082760.0,16837800.0
2014-01-02,1388620800000,772.53,9417082760.0,16837800.0
2014-01-03,1388707200000,825.47,10062417390.0,54171500.0
2014-01-03,1388707200000,825.47,10062417390.0,54171500.0
2014-01-04,1388793600000,849.14,10350952914.0,36344700.0
2014-01-04,1388793600000,849.14,10350952914.0,36344700.0
2014-01-05,1388880000000,919.41,11207538944.0,62414600.0
2014-01-05,1388880000000,919.41,11207538944.0,62414600.0
2014-01-06,1388966400000,936.38,11414401972.0,88584600.0
2014-01-06,1388966400000,936.38,11414401972.0,88584600.0
2014-01-07,1389052800000,826.5,10107681750.0,80268100.0
2014-01-07,1389052800000,826.5,10107681750.0,80268100.0
2014-01-08,1389139200000,838.32,10256342208.0,78060300.0
2014-01-08,1389139200000,838.32,10256342208.0,78060300.0
2014-01-09,1389225600000,853.29,10443906952.0,58813600.0
2014-01-09,1389225600000,853.29,10443906952.0,58813600.0
2014-01-10,1389312000000,863.3,10570439442.0,29763600.0
2014-01-10,1389312000000,863.3,10570439442.0,29763600.0
2014-01-11,1389398400000,905.72,11094594497.0,48299500.0
2014-01-11,1389398400000,905.72,11094594497.0,48299500.0
2014-01-12,1389484800000,867.45,10630187711.0,40171100.0
2014-01-12,1389484800000,867.45,10630187711.0,40171100.0
2014-01-13,1389571200000,840.96,10309307616.0,42950500.0
2014-01-13,1389571200000,840.96,10309307616.0,42950500.0
2014-01-14,1389657600000,838.05,10276902394.0,23469400.0
2014-01-14,1389657600000,838.05,10276902394.0,23469400.0
2014-01-15,1389744000000,860.44,10555404678.0,28600400.0
2014-01-15,1389744000000,860.44,10555404678.0,28600400.0
2014-01-16,1389830400000,837.98,10283900055.0,18719700.0
2014-01-01,1388534400000,767.74,9358693020.0,23448600.0
2014-01-02,1388620800000,772.53,9417082760.0,16837800.0
2014-01-02,1388620800000,772.53,9417082760.0,16837800.0
2014-01-03,1388707200000,825.47,10062417390.0,54171500.0
2014-01-03,1388707200000,825.47,10062417390.0,54171500.0
2014-01-04,1388793600000,849.14,10350952914.0,36344700.0
2014-01-04,1388793600000,849.14,10350952914.0,36344700.0
2014-01-05,1388880000000,919.41,11207538944.0,62414600.0
2014-01-05,1388880000000,919.41,11207538944.0,62414600.0
2014-01-06,1388966400000,936.38,11414401972.0,88584600.0
2014-01-06,1388966400000,936.38,11414401972.0,88584600.0
2014-01-07,1389052800000,826.5,10107681750.0,80268100.0
2014-01-07,1389052800000,826.5,10107681750.0,80268100.0
2014-01-08,1389139200000,838.32,10256342208.0,78060300.0
2014-01-08,1389139200000,838.32,10256342208.0,78060300.0
2014-01-09,1389225600000,853.29,10443906952.0,58813600.0
2014-01-09,1389225600000,853.29,10443906952.0,58813600.0
2014-01-10,1389312000000,863.3,10570439442.0,29763600.0
2014-01-10,1389312000000,863.3,10570439442.0,29763600.0
2014-01-11,1389398400000,905.72,11094594497.0,48299500.0
2014-01-11,1389398400000,905.72,11094594497.0,48299500.0
2014-01-12,1389484800000,867.45,10630187711.0,40171100.0
2014-01-12,1389484800000,867.45,10630187711.0,40171100.0
2014-01-13,1389571200000,840.96,10309307616.0,42950500.0
2014-01-13,1389571200000,840.96,10309307616.0,42950500.0
2014-01-14,1389657600000,838.05,10276902394.0,23469400.0
2014-01-14,1389657600000,838.05,10276902394.0,23469400.0
2014-01-15,1389744000000,860.44,10555404678.0,28600400.0
2014-01-15,1389744000000,860.44,10555404678.0,28600400.0
2014-01-16,1389830400000,837.98,10283900055.0,18719700.0
2014-01-16,1389830400000,837.98,10283900055.0,18719700.0
2014-01-17,1389916800000,812.9,9979241690.0,39266000.0
2014-01-01,1388534400000,767.74,9358693020.0,23448600.0
2014-01-02,1388620800000,772.53,9417082760.0,16837800.0
2014-01-02,1388620800000,772.53,9417082760.0,16837800.0
2014-01-03,1388707200000,825.47,10062417390.0,54171500.0
2014-01-03,1388707200000,825.47,10062417390.0,54171500.0
2014-01-04,1388793600000,849.14,10350952914.0,36344700.0
2014-01-04,1388793600000,849.14,10350952914.0,36344700.0
2014-01-05,1388880000000,919.41,11207538944.0,62414600.0
2014-01-05,1388880000000,919.41,11207538944.0,62414600.0
2014-01-06,1388966400000,936.38,11414401972.0,88584600.0
2014-01-06,1388966400000,936.38,11414401972.0,88584600.0
2014-01-07,1389052800000,826.5,10107681750.0,80268100.0
2014-01-07,1389052800000,826.5,10107681750.0,80268100.0
2014-01-08,1389139200000,838.32,10256342208.0,78060300.0
2014-01-08,1389139200000,838.32,10256342208.0,78060300.0
2014-01-09,1389225600000,853.29,10443906952.0,58813600.0
2014-01-09,1389225600000,853.29,10443906952.0,58813600.0
2014-01-10,1389312000000,863.3,10570439442.0,29763600.0
2014-01-10,1389312000000,863.3,10570439442.0,29763600.0
2014-01-11,1389398400000,905.72,11094594497.0,48299500.0
2014-01-11,1389398400000,905.72,11094594497.0,48299500.0
2014-01-12,1389484800000,867.45,10630187711.0,40171100.0
2014-01-12,1389484800000,867.45,10630187711.0,40171100.0
2014-01-13,1389571200000,840.96,10309307616.0,42950500.0
2014-01-13,1389571200000,840.96,10309307616.0,42950500.0
2014-01-14,1389657600000,838.05,10276902394.0,23469400.0
2014-01-14,1389657600000,838.05,10276902394.0,23469400.0
2014-01-15,1389744000000,860.44,10555404678.0,28600400.0
2014-01-15,1389744000000,860.44,10555404678.0,28600400.0
2014-01-16,1389830400000,837.98,10283900055.0,18719700.0
2014-01-16,1389830400000,837.98,10283900055.0,18719700.0
2014-01-17,1389916800000,812.9,9979241690.0,39266000.0
2014-01-17,1389916800000,812.9,9979241690.0,39266000.0
2014-01-18,1390003200000,840.0,10315662000.0,18052700.0
2014-01-01,1388534400000,767.74,9358693020.0,23448600.0
2014-01-02,1388620800000,772.53,9417082760.0,16837800.0
2014-01-02,1388620800000,772.53,9417082760.0,16837800.0
2014-01-03,1388707200000,825.47,10062417390.0,54171500.0
2014-01-03,1388707200000,825.47,10062417390.0,54171500.0
2014-01-04,1388793600000,849.14,10350952914.0,36344700.0
2014-01-04,1388793600000,849.14,10350952914.0,36344700.0
2014-01-05,1388880000000,919.41,11207538944.0,62414600.0
2014-01-05,1388880000000,919.41,11207538944.0,62414600.0
2014-01-06,1388966400000,936.38,11414401972.0,88584600.0
2014-01-06,1388966400000,936.38,11414401972.0,88584600.0
2014-01-07,1389052800000,826.5,10107681750.0,80268100.0
2014-01-07,1389052800000,826.5,10107681750.0,80268100.0
2014-01-08,1389139200000,838.32,10256342208.0,78060300.0
2014-01-08,1389139200000,838.32,10256342208.0,78060300.0
2014-01-09,1389225600000,853.29,10443906952.0,58813600.0
2014-01-09,1389225600000,853.29,10443906952.0,58813600.0
2014-01-10,1389312000000,863.3,10570439442.0,29763600.0
2014-01-10,1389312000000,863.3,10570439442.0,29763600.0
2014-01-11,1389398400000,905.72,11094594497.0,48299500.0
2014-01-11,1389398400000,905.72,11094594497.0,48299500.0
2014-01-12,1389484800000,867.45,10630187711.0,40171100.0
2014-01-12,1389484800000,867.45,10630187711.0,40171100.0
2014-01-13,1389571200000,840.96,10309307616.0,42950500.0
2014-01-13,1389571200000,840.96,10309307616.0,42950500.0
2014-01-14,1389657600000,838.05,10276902394.0,23469400.0
2014-01-14,1389657600000,838.05,10276902394.0,23469400.0
2014-01-15,1389744000000,860.44,10555404678.0,28600400.0
2014-01-15,1389744000000,860.44,10555404678.0,28600400.0
2014-01-16,1389830400000,837.98,10283900055.0,18719700.0
2014-01-16,1389830400000,837.98,10283900055.0,18719700.0
2014-01-17,1389916800000,812.9,9979241690.0,39266000.0
2014-01-17,1389916800000,812.9,9979241690.0,39266000.0
2014-01-18,1390003200000,840.0,10315662000.0,18052700.0
2014-01-18,1390003200000,840.0,10315662000.0,18052700.0
2014-01-19,1390089600000,838.17,10293335273.0,17574100.0
2014-01-01,1388534400000,767.74,9358693020.0,23448600.0
2014-01-02,1388620800000,772.53,9417082760.0,16837800.0
2014-01-02,1388620800000,772.53,9417082760.0,16837800.0
2014-01-03,1388707200000,825.47,10062417390.0,54171500.0
2014-01-03,1388707200000,825.47,10062417390.0,54171500.0
2014-01-04,1388793600000,849.14,10350952914.0,36344700.0
2014-01-04,1388793600000,849.14,10350952914.0,36344700.0
2014-01-05,1388880000000,919.41,11207538944.0,62414600.0
2014-01-05,1388880000000,919.41,11207538944.0,62414600.0
2014-01-06,1388966400000,936.38,11414401972.0,88584600.0
2014-01-06,1388966400000,936.38,11414401972.0,88584600.0
2014-01-07,1389052800000,826.5,10107681750.0,80268100.0
2014-01-07,1389052800000,826.5,10107681750.0,80268100.0
2014-01-08,1389139200000,838.32,10256342208.0,78060300.0
2014-01-08,1389139200000,838.32,10256342208.0,78060300.0
2014-01-09,1389225600000,853.29,10443906952.0,58813600.0
2014-01-09,1389225600000,853.29,10443906952.0,58813600.0
2014-01-10,1389312000000,863.3,10570439442.0,29763600.0
2014-01-10,1389312000000,863.3,10570439442.0,29763600.0
2014-01-11,1389398400000,905.72,11094594497.0,48299500.0
2014-01-11,1389398400000,905.72,11094594497.0,48299500.0
2014-01-12,1389484800000,867.45,10630187711.0,40171100.0
2014-01-12,1389484800000,867.45,10630187711.0,40171100.0
2014-01-13,1389571200000,840.96,10309307616.0,42950500.0
2014-01-13,1389571200000,840.96,10309307616.0,42950500.0
2014-01-14,1389657600000,838.05,10276902394.0,23469400.0
2014-01-14,1389657600000,838.05,10276902394.0,23469400.0
2014-01-15,1389744000000,860.44,10555404678.0,28600400.0
2014-01-15,1389744000000,860.44,10555404678.0,28600400.0
2014-01-16,1389830400000,837.98,10283900055.0,18719700.0
2014-01-16,1389830400000,837.98,10283900055.0,18719700.0
2014-01-17,1389916800000,812.9,9979241690.0,39266000.0
2014-01-17,1389916800000,812.9,9979241690.0,39266000.0
2014-01-18,1390003200000,840.0,10315662000.0,18052700.0
2014-01-18,1390003200000,840.0,10315662000.0,18052700.0
2014-01-19,1390089600000,838.17,10293335273.0,17574100.0
2014-01-19,1390089600000,838.17,10293335273.0,17574100.0
2014-01-20,1390176000000,869.15,10677333920.0,25421600.0
2014-01-01,1388534400000,767.74,9358693020.0,23448600.0
2014-01-02,1388620800000,772.53,9417082760.0,16837800.0
2014-01-02,1388620800000,772.53,9417082760.0,16837800.0
2014-01-03,1388707200000,825.47,10062417390.0,54171500.0
2014-01-03,1388707200000,825.47,10062417390.0,54171500.0
2014-01-04,1388793600000,849.14,10350952914.0,36344700.0
2014-01-04,1388793600000,849.14,10350952914.0,36344700.0
2014-01-05,1388880000000,919.41,11207538944.0,62414600.0
2014-01-05,1388880000000,919.41,11207538944.0,62414600.0
2014-01-06,1388966400000,936.38,11414401972.0,88584600.0
2014-01-06,1388966400000,936.38,11414401972.0,88584600.0
2014-01-07,1389052800000,826.5,10107681750.0,80268100.0
2014-01-07,1389052800000,826.5,10107681750.0,80268100.0
2014-01-08,1389139200000,838.32,10256342208.0,78060300.0
2014-01-08,1389139200000,838.32,10256342208.0,78060300.0
2014-01-09,1389225600000,853.29,10443906952.0,58813600.0
2014-01-09,1389225600000,853.29,10443906952.0,58813600.0
2014-01-10,1389312000000,863.3,10570439442.0,29763600.0
2014-01-10,1389312000000,863.3,10570439442.0,29763600.0
2014-01-11,1389398400000,905.72,11094594497.0,48299500.0
2014-01-11,1389398400000,905.72,11094594497.0,48299500.0
2014-01-12,1389484800000,867.45,10630187711.0,40171100.0
2014-01-12,1389484800000,867.45,10630187711.0,40171100.0
2014-01-13,1389571200000,840.96,10309307616.0,42950500.0
2014-01-13,1389571200000,840.96,10309307616.0,42950500.0
2014-01-14,1389657600000,838.05,10276902394.0,23469400.0
2014-01-14,1389657600000,838.05,10276902394.0,23469400.0
2014-01-15,1389744000000,860.44,10555404678.0,28600400.0
2014-01-15,1389744000000,860.44,10555404678.0,28600400.0
2014-01-16,1389830400000,837.98,10283900055.0,18719700.0
2014-01-16,1389830400000,837.98,10283900055.0,18719700.0
2014-01-17,1389916800000,812.9,9979241690.0,39266000.0
2014-01-17,1389916800000,812.9,9979241690.0,39266000.0
2014-01-18,1390003200000,840.0,10315662000.0,18052700.0
2014-01-18,1390003200000,840.0,10315662000.0,18052700.0
2014-01-19,1390089600000,838.17,10293335273.0,17574100.0
2014-01-19,1390089600000,838.17,10293335273.0,17574100.0
2014-01-20,1390176000000,869.15,10677333920.0,25421600.0
2014-01-20,1390176000000,869.15,10677333920.0,25421600.0
2014-01-21,1390262400000,869.57,10686776168.0,26779700.0
2014-01-01,1388534400000,767.74,9358693020.0,23448600.0
2014-01-02,1388620800000,772.53,9417082760.0,16837800.0
2014-01-02,1388620800000,772.53,9417082760.0,16837800.0
2014-01-03,1388707200000,825.47,10062417390.0,54171500.0
2014-01-03,1388707200000,825.47,10062417390.0,54171500.0
2014-01-04,1388793600000,849.14,10350952914.0,36344700.0
2014-01-04,1388793600000,849.14,10350952914.0,36344700.0
2014-01-05,1388880000000,919.41,11207538944.0,62414600.0
2014-01-05,1388880000000,919.41,11207538944.0,62414600.0
2014-01-06,1388966400000,936.38,11414401972.0,88584600.0
2014-01-06,1388966400000,936.38,11414401972.0,88584600.0
2014-01-07,1389052800000,826.5,10107681750.0,80268100.0
2014-01-07,1389052800000,826.5,10107681750.0,80268100.0
2014-01-08,1389139200000,838.32,10256342208.0,78060300.0
2014-01-08,1389139200000,838.32,10256342208.0,78060300.0
2014-01-09,1389225600000,853.29,10443906952.0,58813600.0
2014-01-09,1389225600000,853.29,10443906952.0,58813600.0
2014-01-10,1389312000000,863.3,10570439442.0,29763600.0
2014-01-10,1389312000000,863.3,10570439442.0,29763600.0
2014-01-11,1389398400000,905.72,11094594497.0,48299500.0
2014-01-11,1389398400000,905.72,11094594497.0,48299500.0
2014-01-12,1389484800000,867.45,10630187711.0,40171100.0
2014-01-12,1389484800000,867.45,10630187711.0,40171100.0
2014-01-13,1389571200000,840.96,10309307616.0,42950500.0
2014-01-13,1389571200000,840.96,10309307616.0,42950500.0
2014-01-14,1389657600000,838.05,10276902394.0,23469400.0
2014-01-14,1389657600000,838.05,10276902394.0,23469400.0
2014-01-15,1389744000000,860.44,10555404678.0,28600400.0
2014-01-15,1389744000000,860.44,10555404678.0,28600400.0
2014-01-16,1389830400000,837.98,10283900055.0,18719700.0
2014-01-16,1389830400000,837.98,10283900055.0,18719700.0
2014-01-17,1389916800000,812.9,9979241690.0,39266000.0
2014-01-17,1389916800000,812.9,9979241690.0,39266000.0
2014-01-18,1390003200000,840.0,10315662000.0,18052700.0
2014-01-18,1390003200000,840.0,10315662000.0,18052700.0
2014-01-19,1390089600000,838.17,10293335273.0,17574100.0
2014-01-19,1390089600000,838.17,10293335273.0,17574100.0
2014-01-20,1390176000000,869.15,10677333920.0,25421600.0
2014-01-20,1390176000000,869.15,10677333920.0,25421600.0
2014-01-21,1390262400000,869.57,10686776168.0,26779700.0
2014-01-21,1390262400000,869.57,10686776168.0,26779700.0
2014-01-22,1390348800000,865.03,10635024832.0,17879900.0
2014-01-01,1388534400000,767.74,9358693020.0,23448600.0
2014-01-02,1388620800000,772.53,9417082760.0,16837800.0
2014-01-02,1388620800000,772.53,9417082760.0,16837800.0
2014-01-03,1388707200000,825.47,10062417390.0,54171500.0
2014-01-03,1388707200000,825.47,10062417390.0,54171500.0
2014-01-04,1388793600000,849.14,10350952914.0,36344700.0
2014-01-04,1388793600000,849.14,10350952914.0,36344700.0
2014-01-05,1388880000000,919.41,11207538944.0,62414600.0
2014-01-05,1388880000000,919.41,11207538944.0,62414600.0
2014-01-06,1388966400000,936.38,11414401972.0,88584600.0
2014-01-06,1388966400000,936.38,11414401972.0,88584600.0
2014-01-07,1389052800000,826.5,10107681750.0,80268100.0
2014-01-07,1389052800000,826.5,10107681750.0,80268100.0
2014-01-08,1389139200000,838.32,10256342208.0,78060300.0
2014-01-08,1389139200000,838.32,10256342208.0,78060300.0
2014-01-09,1389225600000,853.29,10443906952.0,58813600.0
2014-01-09,1389225600000,853.29,10443906952.0,58813600.0
2014-01-10,1389312000000,863.3,10570439442.0,29763600.0
2014-01-10,1389312000000,863.3,10570439442.0,29763600.0
2014-01-11,1389398400000,905.72,11094594497.0,48299500.0
2014-01-11,1389398400000,905.72,11094594497.0,48299500.0
2014-01-12,1389484800000,867.45,10630187711.0,40171100.0
2014-01-12,1389484800000,867.45,10630187711.0,40171100.0
2014-01-13,1389571200000,840.96,10309307616.0,42950500.0
2014-01-13,1389571200000,840.96,10309307616.0,42950500.0
2014-01-14,1389657600000,838.05,10276902394.0,23469400.0
2014-01-14,1389657600000,838.05,10276902394.0,23469400.0
2014-01-15,1389744000000,860.44,10555404678.0,28600400.0
2014-01-15,1389744000000,860.44,10555404678.0,28600400.0
2014-01-16,1389830400000,837.98,10283900055.0,18719700.0
2014-01-16,1389830400000,837.98,10283900055.0,18719700.0
2014-01-17,1389916800000,812.9,9979241690.0,39266000.0
2014-01-17,1389916800000,812.9,9979241690.0,39266000.0
2014-01-18,1390003200000,840.0,10315662000.0,18052700.0
2014-01-18,1390003200000,840.0,10315662000.0,18052700.0
2014-01-19,1390089600000,838.17,10293335273.0,17574100.0
2014-01-19,1390089600000,838.17,10293335273.0,17574100.0
2014-01-20,1390176000000,869.15,10677333920.0,25421600.0
2014-01-20,1390176000000,869.15,10677333920.0,25421600.0
2014-01-21,1390262400000,869.57,10686776168.0,26779700.0
2014-01-21,1390262400000,869.57,10686776168.0,26779700.0
2014-01-22,1390348800000,865.03,10635024832.0,17879900.0
2014-01-22,1390348800000,865.03,10635024832.0,17879900.0
2014-01-23,1390435200000,846.97,10417265166.0,18412100.0
2014-01-01,1388534400000,767.74,9358693020.0,23448600.0
2014-01-02,1388620800000,772.53,9417082760.0,16837800.0
2014-01-02,1388620800000,772.53,9417082760.0,16837800.0
2014-01-03,1388707200000,825.47,10062417390.0,54171500.0
2014-01-03,1388707200000,825.47,10062417390.0,54171500.0
2014-01-04,1388793600000,849.14,10350952914.0,36344700.0
2014-01-04,1388793600000,849.14,10350952914.0,36344700.0
2014-01-05,1388880000000,919.41,11207538944.0,62414600.0
2014-01-05,1388880000000,919.41,11207538944.0,62414600.0
2014-01-06,1388966400000,936.38,11414401972.0,88584600.0
2014-01-06,1388966400000,936.38,11414401972.0,88584600.0
2014-01-07,1389052800000,826.5,10107681750.0,80268100.0
2014-01-07,1389052800000,826.5,10107681750.0,80268100.0
2014-01-08,1389139200000,838.32,10256342208.0,78060300.0
2014-01-08,1389139200000,838.32,10256342208.0,78060300.0
2014-01-09,1389225600000,853.29,10443906952.0,58813600.0
2014-01-09,1389225600000,853.29,10443906952.0,58813600.0
2014-01-10,1389312000000,863.3,10570439442.0,29763600.0
2014-01-10,1389312000000,863.3,10570439442.0,29763600.0
2014-01-11,1389398400000,905.72,11094594497.0,48299500.0
2014-01-11,1389398400000,905.72,11094594497.0,48299500.0
2014-01-12,1389484800000,867.45,10630187711.0,40171100.0
2014-01-12,1389484800000,867.45,10630187711.0,40171100.0
2014-01-13,1389571200000,840.96,10309307616.0,42950500.0
2014-01-13,1389571200000,840.96,10309307616.0,42950500.0
2014-01-14,1389657600000,838.05,10276902394.0,23469400.0
2014-01-14,1389657600000,838.05,10276902394.0,23469400.0
2014-01-15,1389744000000,860.44,10555404678.0,28600400.0
2014-01-15,1389744000000,860.44,10555404678.0,28600400.0
2014-01-16,1389830400000,837.98,10283900055.0,18719700.0
2014-01-16,1389830400000,837.98,10283900055.0,18719700.0
2014-01-17,1389916800000,812.9,9979241690.0,39266000.0
2014-01-17,1389916800000,812.9,9979241690.0,39266000.0
2014-01-18,1390003200000,840.0,10315662000.0,18052700.0
2014-01-18,1390003200000,840.0,10315662000.0,18052700.0
2014-01-19,1390089600000,838.17,10293335273.0,17574100.0
2014-01-19,1390089600000,838.17,10293335273.0,17574100.0
2014-01-20,1390176000000,869.15,10677333920.0,25421600.0
2014-01-20,1390176000000,869.15,10677333920.0,25421600.0
2014-01-21,1390262400000,869.57,10686776168.0,26779700.0
2014-01-21,1390262400000,869.57,10686776168.0,26779700.0
2014-01-22,1390348800000,865.03,10635024832.0,17879900.0
2014-01-22,1390348800000,865.03,10635024832.0,17879900.0
2014-01-23,1390435200000,846.97,10417265166.0,18412100.0
2014-01-23,1390435200000,846.97,10417265166.0,18412100.0
2014-01-24,1390521600000,808.32,9945387408.0,20176000.0
2014-01-01,1388534400000,767.74,9358693020.0,23448600.0
2014-01-02,1388620800000,772.53,9417082760.0,16837800.0
2014-01-02,1388620800000,772.53,9417082760.0,16837800.0
2014-01-03,1388707200000,825.47,10062417390.0,54171500.0
2014-01-03,1388707200000,825.47,10062417390.0,54171500.0
2014-01-04,1388793600000,849.14,10350952914.0,36344700.0
2014-01-04,1388793600000,849.14,10350952914.0,36344700.0
2014-01-05,1388880000000,919.41,11207538944.0,62414600.0
2014-01-05,1388880000000,919.41,11207538944.0,62414600.0
2014-01-06,1388966400000,936.38,11414401972.0,88584600.0
2014-01-06,1388966400000,936.38,11414401972.0,88584600.0
2014-01-07,1389052800000,826.5,10107681750.0,80268100.0
2014-01-07,1389052800000,826.5,10107681750.0,80268100.0
2014-01-08,1389139200000,838.32,10256342208.0,78060300.0
2014-01-08,1389139200000,838.32,10256342208.0,78060300.0
2014-01-09,1389225600000,853.29,10443906952.0,58813600.0
2014-01-09,1389225600000,853.29,10443906952.0,58813600.0
2014-01-10,1389312000000,863.3,10570439442.0,29763600.0
2014-01-10,1389312000000,863.3,10570439442.0,29763600.0
2014-01-11,1389398400000,905.72,11094594497.0,48299500.0
2014-01-11,1389398400000,905.72,11094594497.0,48299500.0
2014-01-12,1389484800000,867.45,10630187711.0,40171100.0
2014-01-12,1389484800000,867.45,10630187711.0,40171100.0
2014-01-13,1389571200000,840.96,10309307616.0,42950500.0
2014-01-13,1389571200000,840.96,10309307616.0,42950500.0
2014-01-14,1389657600000,838.05,10276902394.0,23469400.0
2014-01-14,1389657600000,838.05,10276902394.0,23469400.0
2014-01-15,1389744000000,860.44,10555404678.0,28600400.0
2014-01-15,1389744000000,860.44,10555404678.0,28600400.0
2014-01-16,1389830400000,837.98,10283900055.0,18719700.0
2014-01-16,1389830400000,837.98,10283900055.0,18719700.0
2014-01-17,1389916800000,812.9,9979241690.0,39266000.0
2014-01-17,1389916800000,812.9,9979241690.0,39266000.0
2014-01-18,1390003200000,840.0,10315662000.0,18052700.0
2014-01-18,1390003200000,840.0,10315662000.0,18052700.0
2014-01-19,1390089600000,838.17,10293335273.0,17574100.0
2014-01-19,1390089600000,838.17,10293335273.0,17574100.0
2014-01-20,1390176000000,869.15,10677333920.0,25421600.0
2014-01-20,1390176000000,869.15,10677333920.0,25421600.0
2014-01-21,1390262400000,869.57,10686776168.0,26779700.0
2014-01-21,1390262400000,869.57,10686776168.0,26779700.0
2014-01-22,1390348800000,865.03,10635024832.0,17879900.0
2014-01-22,1390348800000,865.03,10635024832.0,17879900.0
2014-01-23,1390435200000,846.97,10417265166.0,18412100.0
2014-01-23,1390435200000,846.97,10417265166.0,18412100.0
2014-01-24,1390521600000,808.32,9945387408.0,20176000.0
2014-01-24,1390521600000,808.32,9945387408.0,20176000.0
2014-01-25,1390608000000,804.39,9900713656.0,31742800.0
2014-01-01,1388534400000,767.74,9358693020.0,23448600.0
2014-01-02,1388620800000,772.53,9417082760.0,16837800.0
2014-01-02,1388620800000,772.53,9417082760.0,16837800.0
2014-01-03,1388707200000,825.47,10062417390.0,54171500.0
2014-01-03,1388707200000,825.47,10062417390.0,54171500.0
2014-01-04,1388793600000,849.14,10350952914.0,36344700.0
2014-01-04,1388793600000,849.14,10350952914.0,36344700.0
2014-01-05,1388880000000,919.41,11207538944.0,62414600.0
2014-01-05,1388880000000,919.41,11207538944.0,62414600.0
2014-01-06,1388966400000,936.38,11414401972.0,88584600.0
2014-01-06,1388966400000,936.38,11414401972.0,88584600.0
2014-01-07,1389052800000,826.5,10107681750.0,80268100.0
2014-01-07,1389052800000,826.5,10107681750.0,80268100.0
2014-01-08,1389139200000,838.32,10256342208.0,78060300.0
2014-01-08,1389139200000,838.32,10256342208.0,78060300.0
2014-01-09,1389225600000,853.29,10443906952.0,58813600.0
2014-01-09,1389225600000,853.29,10443906952.0,58813600.0
2014-01-10,1389312000000,863.3,10570439442.0,29763600.0
2014-01-10,1389312000000,863.3,10570439442.0,29763600.0
2014-01-11,1389398400000,905.72,11094594497.0,48299500.0
2014-01-11,1389398400000,905.72,11094594497.0,48299500.0
2014-01-12,1389484800000,867.45,10630187711.0,40171100.0
2014-01-12,1389484800000,867.45,10630187711.0,40171100.0
2014-01-13,1389571200000,840.96,10309307616.0,42950500.0
2014-01-13,1389571200000,840.96,10309307616.0,42950500.0
2014-01-14,1389657600000,838.05,10276902394.0,23469400.0
2014-01-14,1389657600000,838.05,10276902394.0,23469400.0
2014-01-15,1389744000000,860.44,10555404678.0,28600400.0
2014-01-15,1389744000000,860.44,10555404678.0,28600400.0
2014-01-16,1389830400000,837.98,10283900055.0,18719700.0
2014-01-16,1389830400000,837.98,10283900055.0,18719700.0
2014-01-17,1389916800000,812.9,9979241690.0,39266000.0
2014-01-17,1389916800000,812.9,9979241690.0,39266000.0
2014-01-18,1390003200000,840.0,10315662000.0,18052700.0
2014-01-18,1390003200000,840.0,10315662000.0,18052700.0
2014-01-19,1390089600000,838.17,10293335273.0,17574100.0
2014-01-19,1390089600000,838.17,10293335273.0,17574100.0
2014-01-20,1390176000000,869.15,10677333920.0,25421600.0
2014-01-20,1390176000000,869.15,10677333920.0,25421600.0
2014-01-21,1390262400000,869.57,10686776168.0,26779700.0
2014-01-21,1390262400000,869.57,10686776168.0,26779700.0
2014-01-22,1390348800000,865.03,10635024832.0,17879900.0
2014-01-22,1390348800000,865.03,10635024832.0,17879900.0
2014-01-23,1390435200000,846.97,10417265166.0,18412100.0
2014-01-23,1390435200000,846.97,10417265166.0,18412100.0
2014-01-24,1390521600000,808.32,9945387408.0,20176000.0
2014-01-24,1390521600000,808.32,9945387408.0,20176000.0
2014-01-25,1390608000000,804.39,9900713656.0,31742800.0
2014-01-25,1390608000000,804.39,9900713656.0,31742800.0
2014-01-26,1390694400000,853.51,10508799200.0,22676800.0
2014-01-01,1388534400000,767.74,9358693020.0,23448600.0
2014-01-02,1388620800000,772.53,9417082760.0,16837800.0
2014-01-02,1388620800000,772.53,9417082760.0,16837800.0
2014-01-03,1388707200000,825.47,10062417390.0,54171500.0
2014-01-03,1388707200000,825.47,10062417390.0,54171500.0
2014-01-04,1388793600000,849.14,10350952914.0,36344700.0
2014-01-04,1388793600000,849.14,10350952914.0,36344700.0
2014-01-05,1388880000000,919.41,11207538944.0,62414600.0
2014-01-05,1388880000000,919.41,11207538944.0,62414600.0
2014-01-06,1388966400000,936.38,11414401972.0,88584600.0
2014-01-06,1388966400000,936.38,11414401972.0,88584600.0
2014-01-07,1389052800000,826.5,10107681750.0,80268100.0
2014-01-07,1389052800000,826.5,10107681750.0,80268100.0
2014-01-08,1389139200000,838.32,10256342208.0,78060300.0
2014-01-08,1389139200000,838.32,10256342208.0,78060300.0
2014-01-09,1389225600000,853.29,10443906952.0,58813600.0
2014-01-09,1389225600000,853.29,10443906952.0,58813600.0
2014-01-10,1389312000000,863.3,10570439442.0,29763600.0
2014-01-10,1389312000000,863.3,10570439442.0,29763600.0
2014-01-11,1389398400000,905.72,11094594497.0,48299500.0
2014-01-11,1389398400000,905.72,11094594497.0,48299500.0
2014-01-12,1389484800000,867.45,10630187711.0,40171100.0
2014-01-12,1389484800000,867.45,10630187711.0,40171100.0
2014-01-13,1389571200000,840.96,10309307616.0,42950500.0
2014-01-13,1389571200000,840.96,10309307616.0,42950500.0
2014-01-14,1389657600000,838.05,10276902394.0,23469400.0
2014-01-14,1389657600000,838.05,10276902394.0,23469400.0
2014-01-15,1389744000000,860.44,10555404678.0,28600400.0
2014-01-15,1389744000000,860.44,10555404678.0,28600400.0
2014-01-16,1389830400000,837.98,10283900055.0,18719700.0
2014-01-16,1389830400000,837.98,10283900055.0,18719700.0
2014-01-17,1389916800000,812.9,9979241690.0,39266000.0
2014-01-17,1389916800000,812.9,9979241690.0,39266000.0
2014-01-18,1390003200000,840.0,10315662000.0,18052700.0
2014-01-18,1390003200000,840.0,10315662000.0,18052700.0
2014-01-19,1390089600000,838.17,10293335273.0,17574100.0
2014-01-19,1390089600000,838.17,10293335273.0,17574100.0
2014-01-20,1390176000000,869.15,10677333920.0,25421600.0
2014-01-20,1390176000000,869.15,10677333920.0,25421600.0
2014-01-21,1390262400000,869.57,10686776168.0,26779700.0
2014-01-21,1390262400000,869.57,10686776168.0,26779700.0
2014-01-22,1390348800000,865.03,10635024832.0,17879900.0
2014-01-22,1390348800000,865.03,10635024832.0,17879900.0
2014-01-23,1390435200000,846.97,10417265166.0,18412100.0
2014-01-23,1390435200000,846.97,10417265166.0,18412100.0
2014-01-24,1390521600000,808.32,9945387408.0,20176000.0
2014-01-24,1390521600000,808.32,9945387408.0,20176000.0
2014-01-25,1390608000000,804.39,9900713656.0,31742800.0
2014-01-25,1390608000000,804.39,9900713656.0,31742800.0
2014-01-26,1390694400000,853.51,10508799200.0,22676800.0
2014-01-26,1390694400000,853.51,10508799200.0,22676800.0
2014-01-27,1390780800000,891.86,10984370725.0,32539200.0
2014-01-01,1388534400000,767.74,9358693020.0,23448600.0
2014-01-02,1388620800000,772.53,9417082760.0,16837800.0
2014-01-02,1388620800000,772.53,9417082760.0,16837800.0
2014-01-03,1388707200000,825.47,10062417390.0,54171500.0
2014-01-03,1388707200000,825.47,10062417390.0,54171500.0
2014-01-04,1388793600000,849.14,10350952914.0,36344700.0
2014-01-04,1388793600000,849.14,10350952914.0,36344700.0
2014-01-05,1388880000000,919.41,11207538944.0,62414600.0
2014-01-05,1388880000000,919.41,11207538944.0,62414600.0
2014-01-06,1388966400000,936.38,11414401972.0,88584600.0
2014-01-06,1388966400000,936.38,11414401972.0,88584600.0
2014-01-07,1389052800000,826.5,10107681750.0,80268100.0
2014-01-07,1389052800000,826.5,10107681750.0,80268100.0
2014-01-08,1389139200000,838.32,10256342208.0,78060300.0
2014-01-08,1389139200000,838.32,10256342208.0,78060300.0
2014-01-09,1389225600000,853.29,10443906952.0,58813600.0
2014-01-09,1389225600000,853.29,10443906952.0,58813600.0
2014-01-10,1389312000000,863.3,10570439442.0,29763600.0
2014-01-10,1389312000000,863.3,10570439442.0,29763600.0
2014-01-11,1389398400000,905.72,11094594497.0,48299500.0
2014-01-11,1389398400000,905.72,11094594497.0,48299500.0
2014-01-12,1389484800000,867.45,10630187711.0,40171100.0
2014-01-12,1389484800000,867.45,10630187711.0,40171100.0
2014-01-13,1389571200000,840.96,10309307616.0,42950500.0
2014-01-13,1389571200000,840.96,10309307616.0,42950500.0
2014-01-14,1389657600000,838.05,10276902394.0,23469400.0
2014-01-14,1389657600000,838.05,10276902394.0,23469400.0
2014-01-15,1389744000000,860.44,10555404678.0,28600400.0
2014-01-15,1389744000000,860.44,10555404678.0,28600400.0
2014-01-16,1389830400000,837.98,10283900055.0,18719700.0
2014-01-16,1389830400000,837.98,10283900055.0,18719700.0
2014-01-17,1389916800000,812.9,9979241690.0,39266000.0
2014-01-17,1389916800000,812.9,9979241690.0,39266000.0
2014-01-18,1390003200000,840.0,10315662000.0,18052700.0
2014-01-18,1390003200000,840.0,10315662000.0,18052700.0
2014-01-19,1390089600000,838.17,10293335273.0,17574100.0
2014-01-19,1390089600000,838.17,10293335273.0,17574100.0
2014-01-20,1390176000000,869.15,10677333920.0,25421600.0
2014-01-20,1390176000000,869.15,10677333920.0,25421600.0
2014-01-21,1390262400000,869.57,10686776168.0,26779700.0
2014-01-21,1390262400000,869.57,10686776168.0,26779700.0
2014-01-22,1390348800000,865.03,10635024832.0,17879900.0
2014-01-22,1390348800000,865.03,10635024832.0,17879900.0
2014-01-23,1390435200000,846.97,10417265166.0,18412100.0
2014-01-23,1390435200000,846.97,10417265166.0,18412100.0
2014-01-24,1390521600000,808.32,9945387408.0,20176000.0
2014-01-24,1390521600000,808.32,9945387408.0,20176000.0
2014-01-25,1390608000000,804.39,9900713656.0,31742800.0
2014-01-25,1390608000000,804.39,9900713656.0,31742800.0
2014-01-26,1390694400000,853.51,10508799200.0,22676800.0
2014-01-26,1390694400000,853.51,10508799200.0,22676800.0
2014-01-27,1390780800000,891.86,10984370725.0,32539200.0
2014-01-27,1390780800000,891.86,10984370725.0,32539200.0
2014-01-28,1390867200000,777.0,9573533550.0,61878700.0
2014-01-01,1388534400000,767.74,9358693020.0,23448600.0
2014-01-02,1388620800000,772.53,9417082760.0,16837800.0
2014-01-02,1388620800000,772.53,9417082760.0,16837800.0
2014-01-03,1388707200000,825.47,10062417390.0,54171500.0
2014-01-03,1388707200000,825.47,10062417390.0,54171500.0
2014-01-04,1388793600000,849.14,10350952914.0,36344700.0
2014-01-04,1388793600000,849.14,10350952914.0,36344700.0
2014-01-05,1388880000000,919.41,11207538944.0,62414600.0
2014-01-05,1388880000000,919.41,11207538944.0,62414600.0
2014-01-06,1388966400000,936.38,11414401972.0,88584600.0
2014-01-06,1388966400000,936.38,11414401972.0,88584600.0
2014-01-07,1389052800000,826.5,10107681750.0,80268100.0
2014-01-07,1389052800000,826.5,10107681750.0,80268100.0
2014-01-08,1389139200000,838.32,10256342208.0,78060300.0
2014-01-08,1389139200000,838.32,10256342208.0,78060300.0
2014-01-09,1389225600000,853.29,10443906952.0,58813600.0
2014-01-09,1389225600000,853.29,10443906952.0,58813600.0
2014-01-10,1389312000000,863.3,10570439442.0,29763600.0
2014-01-10,1389312000000,863.3,10570439442.0,29763600.0
2014-01-11,1389398400000,905.72,11094594497.0,48299500.0
2014-01-11,1389398400000,905.72,11094594497.0,48299500.0
2014-01-12,1389484800000,867.45,10630187711.0,40171100.0
2014-01-12,1389484800000,867.45,10630187711.0,40171100.0
2014-01-13,1389571200000,840.96,10309307616.0,42950500.0
2014-01-13,1389571200000,840.96,10309307616.0,42950500.0
2014-01-14,1389657600000,838.05,10276902394.0,23469400.0
2014-01-14,1389657600000,838.05,10276902394.0,23469400.0
2014-01-15,1389744000000,860.44,10555404678.0,28600400.0
2014-01-15,1389744000000,860.44,10555404678.0,28600400.0
2014-01-16,1389830400000,837.98,10283900055.0,18719700.0
2014-01-16,1389830400000,837.98,10283900055.0,18719700.0
2014-01-17,1389916800000,812.9,9979241690.0,39266000.0
2014-01-17,1389916800000,812.9,9979241690.0,39266000.0
2014-01-18,1390003200000,840.0,10315662000.0,18052700.0
2014-01-18,1390003200000,840.0,10315662000.0,18052700.0
2014-01-19,1390089600000,838.17,10293335273.0,17574100.0
2014-01-19,1390089600000,838.17,10293335273.0,17574100.0
2014-01-20,1390176000000,869.15,10677333920.0,25421600.0
2014-01-20,1390176000000,869.15,10677333920.0,25421600.0
2014-01-21,1390262400000,869.57,10686776168.0,26779700.0
2014-01-21,1390262400000,869.57,10686776168.0,26779700.0
2014-01-22,1390348800000,865.03,10635024832.0,17879900.0
2014-01-22,1390348800000,865.03,10635024832.0,17879900.0
2014-01-23,1390435200000,846.97,10417265166.0,18412100.0
2014-01-23,1390435200000,846.97,10417265166.0,18412100.0
2014-01-24,1390521600000,808.32,9945387408.0,20176000.0
2014-01-24,1390521600000,808.32,9945387408.0,20176000.0
2014-01-25,1390608000000,804.39,9900713656.0,31742800.0
2014-01-25,1390608000000,804.39,9900713656.0,31742800.0
2014-01-26,1390694400000,853.51,10508799200.0,22676800.0
2014-01-26,1390694400000,853.51,10508799200.0,22676800.0
2014-01-27,1390780800000,891.86,10984370725.0,32539200.0
2014-01-27,1390780800000,891.86,10984370725.0,32539200.0
2014-01-28,1390867200000,777.0,9573533550.0,61878700.0
2014-01-28,1390867200000,777.0,9573533550.0,61878700.0
2014-01-29,1390953600000,816.85,10067676250.0,33409200.0
2014-01-01,1388534400000,767.74,9358693020.0,23448600.0
2014-01-02,1388620800000,772.53,9417082760.0,16837800.0
2014-01-02,1388620800000,772.53,9417082760.0,16837800.0
2014-01-03,1388707200000,825.47,10062417390.0,54171500.0
2014-01-03,1388707200000,825.47,10062417390.0,54171500.0
2014-01-04,1388793600000,849.14,10350952914.0,36344700.0
2014-01-04,1388793600000,849.14,10350952914.0,36344700.0
2014-01-05,1388880000000,919.41,11207538944.0,62414600.0
2014-01-05,1388880000000,919.41,11207538944.0,62414600.0
2014-01-06,1388966400000,936.38,11414401972.0,88584600.0
2014-01-06,1388966400000,936.38,11414401972.0,88584600.0
2014-01-07,1389052800000,826.5,10107681750.0,80268100.0
2014-01-07,1389052800000,826.5,10107681750.0,80268100.0
2014-01-08,1389139200000,838.32,10256342208.0,78060300.0
2014-01-08,1389139200000,838.32,10256342208.0,78060300.0
2014-01-09,1389225600000,853.29,10443906952.0,58813600.0
2014-01-09,1389225600000,853.29,10443906952.0,58813600.0
2014-01-10,1389312000000,863.3,10570439442.0,29763600.0
2014-01-10,1389312000000,863.3,10570439442.0,29763600.0
2014-01-11,1389398400000,905.72,11094594497.0,48299500.0
2014-01-11,1389398400000,905.72,11094594497.0,48299500.0
2014-01-12,1389484800000,867.45,10630187711.0,40171100.0
2014-01-12,1389484800000,867.45,10630187711.0,40171100.0
2014-01-13,1389571200000,840.96,10309307616.0,42950500.0
2014-01-13,1389571200000,840.96,10309307616.0,42950500.0
2014-01-14,1389657600000,838.05,10276902394.0,23469400.0
2014-01-14,1389657600000,838.05,10276902394.0,23469400.0
2014-01-15,1389744000000,860.44,10555404678.0,28600400.0
2014-01-15,1389744000000,860.44,10555404678.0,28600400.0
2014-01-16,1389830400000,837.98,10283900055.0,18719700.0
2014-01-16,1389830400000,837.98,10283900055.0,18719700.0
2014-01-17,1389916800000,812.9,9979241690.0,39266000.0
2014-01-17,1389916800000,812.9,9979241690.0,39266000.0
2014-01-18,1390003200000,840.0,10315662000.0,18052700.0
2014-01-18,1390003200000,840.0,10315662000.0,18052700.0
2014-01-19,1390089600000,838.17,10293335273.0,17574100.0
2014-01-19,1390089600000,838.17,10293335273.0,17574100.0
2014-01-20,1390176000000,869.15,10677333920.0,25421600.0
2014-01-20,1390176000000,869.15,10677333920.0,25421600.0
2014-01-21,1390262400000,869.57,10686776168.0,26779700.0
2014-01-21,1390262400000,869.57,10686776168.0,26779700.0
2014-01-22,1390348800000,865.03,10635024832.0,17879900.0
2014-01-22,1390348800000,865.03,10635024832.0,17879900.0
2014-01-23,1390435200000,846.97,10417265166.0,18412100.0
2014-01-23,1390435200000,846.97,10417265166.0,18412100.0
2014-01-24,1390521600000,808.32,9945387408.0,20176000.0
2014-01-24,1390521600000,808.32,9945387408.0,20176000.0
2014-01-25,1390608000000,804.39,9900713656.0,31742800.0
2014-01-25,1390608000000,804.39,9900713656.0,31742800.0
2014-01-26,1390694400000,853.51,10508799200.0,22676800.0
2014-01-26,1390694400000,853.51,10508799200.0,22676800.0
2014-01-27,1390780800000,891.86,10984370725.0,32539200.0
2014-01-27,1390780800000,891.86,10984370725.0,32539200.0
2014-01-28,1390867200000,777.0,9573533550.0,61878700.0
2014-01-28,1390867200000,777.0,9573533550.0,61878700.0
2014-01-29,1390953600000,816.85,10067676250.0,33409200.0
2014-01-29,1390953600000,816.85,10067676250.0,33409200.0
2014-01-30,1391040000000,817.17,10074827642.0,16261700.0
2014-01-01,1388534400000,767.74,9358693020.0,23448600.0
2014-01-02,1388620800000,772.53,9417082760.0,16837800.0
2014-01-02,1388620800000,772.53,9417082760.0,16837800.0
2014-01-03,1388707200000,825.47,10062417390.0,54171500.0
2014-01-03,1388707200000,825.47,10062417390.0,54171500.0
2014-01-04,1388793600000,849.14,10350952914.0,36344700.0
2014-01-04,1388793600000,849.14,10350952914.0,36344700.0
2014-01-05,1388880000000,919.41,11207538944.0,62414600.0
2014-01-05,1388880000000,919.41,11207538944.0,62414600.0
2014-01-06,1388966400000,936.38,11414401972.0,88584600.0
2014-01-06,1388966400000,936.38,11414401972.0,88584600.0
2014-01-07,1389052800000,826.5,10107681750.0,80268100.0
2014-01-07,1389052800000,826.5,10107681750.0,80268100.0
2014-01-08,1389139200000,838.32,10256342208.0,78060300.0
2014-01-08,1389139200000,838.32,10256342208.0,78060300.0
2014-01-09,1389225600000,853.29,10443906952.0,58813600.0
2014-01-09,1389225600000,853.29,10443906952.0,58813600.0
2014-01-10,1389312000000,863.3,10570439442.0,29763600.0
2014-01-10,1389312000000,863.3,10570439442.0,29763600.0
2014-01-11,1389398400000,905.72,11094594497.0,48299500.0
2014-01-11,1389398400000,905.72,11094594497.0,48299500.0
2014-01-12,1389484800000,867.45,10630187711.0,40171100.0
2014-01-12,1389484800000,867.45,10630187711.0,40171100.0
2014-01-13,1389571200000,840.96,10309307616.0,42950500.0
2014-01-13,1389571200000,840.96,10309307616.0,42950500.0
2014-01-14,1389657600000,838.05,10276902394.0,23469400.0
2014-01-14,1389657600000,838.05,10276902394.0,23469400.0
2014-01-15,1389744000000,860.44,10555404678.0,28600400.0
2014-01-15,1389744000000,860.44,10555404678.0,28600400.0
2014-01-16,1389830400000,837.98,10283900055.0,18719700.0
2014-01-16,1389830400000,837.98,10283900055.0,18719700.0
2014-01-17,1389916800000,812.9,9979241690.0,39266000.0
2014-01-17,1389916800000,812.9,9979241690.0,39266000.0
2014-01-18,1390003200000,840.0,10315662000.0,18052700.0
2014-01-18,1390003200000,840.0,10315662000.0,18052700.0
2014-01-19,1390089600000,838.17,10293335273.0,17574100.0
2014-01-19,1390089600000,838.17,10293335273.0,17574100.0
2014-01-20,1390176000000,869.15,10677333920.0,25421600.0
2014-01-20,1390176000000,869.15,10677333920.0,25421600.0
2014-01-21,1390262400000,869.57,10686776168.0,26779700.0
2014-01-21,1390262400000,869.57,10686776168.0,26779700.0
2014-01-22,1390348800000,865.03,10635024832.0,17879900.0
2014-01-22,1390348800000,865.03,10635024832.0,17879900.0
2014-01-23,1390435200000,846.97,10417265166.0,18412100.0
2014-01-23,1390435200000,846.97,10417265166.0,18412100.0
2014-01-24,1390521600000,808.32,9945387408.0,20176000.0
2014-01-24,1390521600000,808.32,9945387408.0,20176000.0
2014-01-25,1390608000000,804.39,9900713656.0,31742800.0
2014-01-25,1390608000000,804.39,9900713656.0,31742800.0
2014-01-26,1390694400000,853.51,10508799200.0,22676800.0
2014-01-26,1390694400000,853.51,10508799200.0,22676800.0
2014-01-27,1390780800000,891.86,10984370725.0,32539200.0
2014-01-27,1390780800000,891.86,10984370725.0,32539200.0
2014-01-28,1390867200000,777.0,9573533550.0,61878700.0
2014-01-28,1390867200000,777.0,9573533550.0,61878700.0
2014-01-29,1390953600000,816.85,10067676250.0,33409200.0
2014-01-29,1390953600000,816.85,10067676250.0,33409200.0
2014-01-30,1391040000000,817.17,10074827642.0,16261700.0
2014-01-30,1391040000000,817.17,10074827642.0,16261700.0
2014-01-31,1391126400000,817.93,10087796517.0,31107400.0
2014-01-01,1388534400000,767.74,9358693020.0,23448600.0
2014-01-02,1388620800000,772.53,9417082760.0,16837800.0
2014-01-02,1388620800000,772.53,9417082760.0,16837800.0
2014-01-03,1388707200000,825.47,10062417390.0,54171500.0
2014-01-03,1388707200000,825.47,10062417390.0,54171500.0
2014-01-04,1388793600000,849.14,10350952914.0,36344700.0
2014-01-04,1388793600000,849.14,10350952914.0,36344700.0
2014-01-05,1388880000000,919.41,11207538944.0,62414600.0
2014-01-05,1388880000000,919.41,11207538944.0,62414600.0
2014-01-06,1388966400000,936.38,11414401972.0,88584600.0
2014-01-06,1388966400000,936.38,11414401972.0,88584600.0
2014-01-07,1389052800000,826.5,10107681750.0,80268100.0
2014-01-07,1389052800000,826.5,10107681750.0,80268100.0
2014-01-08,1389139200000,838.32,10256342208.0,78060300.0
2014-01-08,1389139200000,838.32,10256342208.0,78060300.0
2014-01-09,1389225600000,853.29,10443906952.0,58813600.0
2014-01-09,1389225600000,853.29,10443906952.0,58813600.0
2014-01-10,1389312000000,863.3,10570439442.0,29763600.0
2014-01-10,1389312000000,863.3,10570439442.0,29763600.0
2014-01-11,1389398400000,905.72,11094594497.0,48299500.0
2014-01-11,1389398400000,905.72,11094594497.0,48299500.0
2014-01-12,1389484800000,867.45,10630187711.0,40171100.0
2014-01-12,1389484800000,867.45,10630187711.0,40171100.0
2014-01-13,1389571200000,840.96,10309307616.0,42950500.0
2014-01-13,1389571200000,840.96,10309307616.0,42950500.0
2014-01-14,1389657600000,838.05,10276902394.0,23469400.0
2014-01-14,1389657600000,838.05,10276902394.0,23469400.0
2014-01-15,1389744000000,860.44,10555404678.0,28600400.0
2014-01-15,1389744000000,860.44,10555404678.0,28600400.0
2014-01-16,1389830400000,837.98,10283900055.0,18719700.0
2014-01-16,1389830400000,837.98,10283900055.0,18719700.0
2014-01-17,1389916800000,812.9,9979241690.0,39266000.0
2014-01-17,1389916800000,812.9,9979241690.0,39266000.0
2014-01-18,1390003200000,840.0,10315662000.0,18052700.0
2014-01-18,1390003200000,840.0,10315662000.0,18052700.0
2014-01-19,1390089600000,838.17,10293335273.0,17574100.0
2014-01-19,1390089600000,838.17,10293335273.0,17574100.0
2014-01-20,1390176000000,869.15,10677333920.0,25421600.0
2014-01-20,1390176000000,869.15,10677333920.0,25421600.0
2014-01-21,1390262400000,869.57,10686776168.0,26779700.0
2014-01-21,1390262400000,869.57,10686776168.0,26779700.0
2014-01-22,1390348800000,865.03,10635024832.0,17879900.0
2014-01-22,1390348800000,865.03,10635024832.0,17879900.0
2014-01-23,1390435200000,846.97,10417265166.0,18412100.0
2014-01-23,1390435200000,846.97,10417265166.0,18412100.0
2014-01-24,1390521600000,808.32,9945387408.0,20176000.0
2014-01-24,1390521600000,808.32,9945387408.0,20176000.0
2014-01-25,1390608000000,804.39,9900713656.0,31742800.0
2014-01-25,1390608000000,804.39,9900713656.0,31742800.0
2014-01-26,1390694400000,853.51,10508799200.0,22676800.0
2014-01-26,1390694400000,853.51,10508799200.0,22676800.0
2014-01-27,1390780800000,891.86,10984370725.0,32539200.0
2014-01-27,1390780800000,891.86,10984370725.0,32539200.0
2014-01-28,1390867200000,777.0,9573533550.0,61878700.0
2014-01-28,1390867200000,777.0,9573533550.0,61878700.0
2014-01-29,1390953600000,816.85,10067676250.0,33409200.0
2014-01-29,1390953600000,816.85,10067676250.0,33409200.0
2014-01-30,1391040000000,817.17,10074827642.0,16261700.0
2014-01-30,1391040000000,817.17,10074827642.0,16261700.0
2014-01-31,1391126400000,817.93,10087796517.0,31107400.0
2014-01-31,1391126400000,817.93,10087796517.0,31107400.0
2014-02-01,1391212800000,832.52,10271715012.0,14722200.0
